0	37.00
1	37.00
2	37.00
3	37.00
4	37.00
5	37.00
6	37.00
7	37.00
8	37.00
9	37.00
10	37.00
11	37.00
12	37.00
13	37.00
14	37.00
15	37.00
16	37.01
17	37.01
18	37.01
19	37.01
20	37.02
21	37.02
22	37.03
23	37.03
24	37.04
25	37.05
26	37.06
27	37.07
28	37.08
29	37.09
30	37.10
31	37.12
32	37.13
33	37.15
34	37.16
35	37.18
36	37.20
37	37.22
38	37.24
39	37.26
40	37.28
41	37.31
42	37.33
43	37.36
44	37.38
45	37.41
46	37.44
47	37.46
48	37.49
49	37.52
50	37.55
51	37.58
52	37.61
53	37.65
54	37.68
55	37.71
56	37.74
57	37.78
58	37.81
59	37.85
60	37.88
61	37.91
62	37.95
63	37.99
64	38.02
65	38.06
66	38.09
67	38.13
68	38.17
69	38.20
70	38.24
71	38.28
72	38.32
73	38.35
74	38.39
75	38.43
76	38.47
77	38.50
78	38.54
79	38.58
80	38.62
81	38.65
82	38.69
83	38.73
84	38.77
85	38.81
86	38.84
87	38.88
88	38.92
89	38.96
90	38.99
91	39.03
92	39.07
93	39.11
94	39.14
95	39.18
96	39.22
97	39.26
98	39.29
99	39.33
100	39.37
101	39.40
102	39.44
103	39.48
104	39.52
105	39.55
106	39.59
107	39.62
108	39.66
109	39.70
110	39.73
111	39.77
112	39.80
113	39.84
114	39.87
115	39.91
116	39.95
117	39.98
118	40.02
119	40.05
120	40.09
121	40.12
122	40.15
123	40.19
124	40.22
125	40.26
126	40.29
127	40.32
128	40.36
129	40.39
130	40.43
131	40.46
132	40.49
133	40.52
134	40.56
135	40.59
136	40.62
137	40.66
138	40.69
139	40.72
140	40.75
141	40.78
142	40.82
143	40.85
144	40.88
145	40.91
146	40.94
147	40.97
148	41.00
149	41.03
150	41.07
151	41.10
152	41.13
153	41.16
154	41.19
155	41.22
156	41.25
157	41.28
158	41.31
159	41.34
160	41.37
161	41.40
162	41.42
163	41.45
164	41.48
165	41.51
166	41.54
167	41.57
168	41.60
169	41.63
170	41.65
171	41.68
172	41.71
173	41.74
174	41.77
175	41.79
176	41.82
177	41.85
178	41.88
179	41.90
180	41.93
181	41.96
182	41.98
183	42.01
184	42.04
185	42.06
186	42.09
187	42.12
188	42.14
189	42.17
190	42.19
191	42.22
192	42.25
193	42.27
194	42.30
195	42.32
196	42.35
197	42.37
198	42.40
199	42.42
200	42.45
201	42.47
202	42.50
203	42.52
204	42.54
205	42.57
206	42.59
207	42.62
208	42.64
209	42.67
210	42.69
211	42.71
212	42.74
213	42.76
214	42.78
215	42.81
216	42.83
217	42.85
218	42.87
219	42.90
220	42.92
221	42.94
222	42.97
223	42.99
224	43.01
225	43.03
226	43.05
227	43.08
228	43.10
229	43.12
230	43.14
231	43.16
232	43.19
233	43.21
234	43.23
235	43.25
236	43.27
237	43.29
238	43.31
239	43.33
240	43.35
241	43.37
242	43.40
243	43.42
244	43.44
245	43.46
246	43.48
247	43.50
248	43.52
249	43.54
250	43.56
251	43.58
252	43.60
253	43.62
254	43.64
255	43.66
256	43.67
257	43.69
258	43.71
259	43.73
260	43.75
261	43.77
262	43.79
263	43.81
264	43.83
265	43.85
266	43.86
267	43.88
268	43.90
269	43.92
270	43.94
271	43.96
272	43.97
273	43.99
274	44.01
275	44.03
276	44.05
277	44.06
278	44.08
279	44.10
280	44.12
281	44.13
282	44.15
283	44.17
284	44.18
285	44.20
286	44.22
287	44.24
288	44.25
289	44.27
290	44.29
291	44.30
292	44.32
293	44.34
294	44.35
295	44.37
296	44.38
297	44.40
298	44.42
299	44.43
300	44.45
301	44.46
302	44.48
303	44.50
304	44.51
305	44.53
306	44.54
307	44.56
308	44.57
309	44.59
310	44.61
311	44.62
312	44.64
313	44.65
314	44.67
315	44.68
316	44.70
317	44.71
318	44.73
319	44.74
320	44.75
321	44.77
322	44.78
323	44.80
324	44.81
325	44.83
326	44.84
327	44.86
328	44.87
329	44.88
330	44.90
331	44.91
332	44.93
333	44.94
334	44.95
335	44.97
336	44.98
337	44.99
338	45.01
339	45.02
340	45.03
341	45.05
342	45.06
343	45.07
344	45.09
345	45.10
346	45.11
347	45.13
348	45.14
349	45.15
350	45.17
351	45.18
352	45.19
353	45.20
354	45.22
355	45.23
356	45.24
357	45.25
358	45.27
359	45.28
360	45.29
361	45.30
362	45.31
363	45.33
364	45.34
365	45.35
366	45.36
367	45.38
368	45.39
369	45.40
370	45.41
371	45.42
372	45.43
373	45.45
374	45.46
375	45.47
376	45.48
377	45.49
378	45.50
379	45.51
380	45.53
381	45.54
382	45.55
383	45.56
384	45.57
385	45.58
386	45.59
387	45.60
388	45.61
389	45.62
390	45.64
391	45.65
392	45.66
393	45.67
394	45.68
395	45.69
396	45.70
397	45.71
398	45.72
399	45.73
400	45.74
401	45.75
402	45.76
403	45.77
404	45.78
405	45.79
406	45.80
407	45.81
408	45.82
409	45.83
410	45.84
411	45.85
412	45.86
413	45.87
414	45.88
415	45.89
416	45.90
417	45.91
418	45.92
419	45.93
420	45.94
421	45.95
422	45.96
423	45.97
424	45.97
425	45.98
426	45.99
427	46.00
428	46.01
429	46.02
430	46.03
431	46.04
432	46.05
433	46.06
434	46.07
435	46.07
436	46.08
437	46.09
438	46.10
439	46.11
440	46.12
441	46.13
442	46.13
443	46.14
444	46.15
445	46.16
446	46.17
447	46.18
448	46.19
449	46.19
450	46.20
451	46.21
452	46.22
453	46.23
454	46.23
455	46.24
456	46.25
457	46.26
458	46.27
459	46.27
460	46.28
461	46.29
462	46.30
463	46.31
464	46.31
465	46.32
466	46.33
467	46.34
468	46.35
469	46.35
470	46.36
471	46.37
472	46.38
473	46.38
474	46.39
475	46.40
476	46.41
477	46.41
478	46.42
479	46.43
480	46.43
481	46.44
482	46.45
483	46.46
484	46.46
485	46.47
486	46.48
487	46.48
488	46.49
489	46.50
490	46.51
491	46.51
492	46.52
493	46.53
494	46.53
495	46.54
496	46.55
497	46.55
498	46.56
499	46.57
500	46.57
501	46.58
502	46.59
503	46.59
504	46.60
505	46.61
506	46.61
507	46.62
508	46.63
509	46.63
510	46.64
511	46.64
512	46.65
513	46.66
514	46.66
515	46.67
516	46.68
517	46.68
518	46.69
519	46.69
520	46.70
521	46.71
522	46.71
523	46.72
524	46.72
525	46.73
526	46.74
527	46.74
528	46.75
529	46.75
530	46.76
531	46.77
532	46.77
533	46.78
534	46.78
535	46.79
536	46.79
537	46.80
538	46.81
539	46.81
540	46.82
541	46.82
542	46.83
543	46.83
544	46.84
545	46.84
546	46.85
547	46.85
548	46.86
549	46.87
550	46.87
551	46.88
552	46.88
553	46.89
554	46.89
555	46.90
556	46.90
557	46.91
558	46.91
559	46.92
560	46.92
561	46.93
562	46.93
563	46.94
564	46.94
565	46.95
566	46.95
567	46.96
568	46.96
569	46.97
570	46.97
571	46.98
572	46.98
573	46.99
574	46.99
575	47.00
576	47.00
577	47.01
578	47.01
579	47.02
580	47.02
581	47.03
582	47.03
583	47.03
584	47.04
585	47.04
586	47.05
587	47.05
588	47.06
589	47.06
590	47.07
591	47.07
592	47.08
593	47.08
594	47.08
595	47.09
596	47.09
597	47.10
598	47.10
599	47.11
600	47.11
601	47.11
602	47.12
603	47.12
604	47.13
605	47.13
606	47.14
607	47.14
608	47.14
609	47.15
610	47.15
611	47.16
612	47.16
613	47.16
614	47.17
615	47.17
616	47.18
617	47.18
618	47.18
619	47.19
620	47.19
621	47.20
622	47.20
623	47.20
624	47.21
625	47.21
626	47.22
627	47.22
628	47.22
629	47.23
630	47.23
631	47.23
632	47.24
633	47.24
634	47.25
635	47.25
636	47.25
637	47.26
638	47.26
639	47.26
640	47.27
641	47.27
642	47.27
643	47.28
644	47.28
645	47.28
646	47.29
647	47.29
648	47.30
649	47.30
650	47.30
651	47.31
652	47.31
653	47.31
654	47.32
655	47.32
656	47.32
657	47.33
658	47.33
659	47.33
660	47.34
661	47.34
662	47.34
663	47.35
664	47.35
665	47.35
666	47.36
667	47.36
668	47.36
669	47.36
670	47.37
671	47.37
672	47.37
673	47.38
674	47.38
675	47.38
676	47.39
677	47.39
678	47.39
679	47.40
680	47.40
681	47.40
682	47.40
683	47.41
684	47.41
685	47.41
686	47.42
687	47.42
688	47.42
689	47.43
690	47.43
691	47.43
692	47.43
693	47.44
694	47.44
695	47.44
696	47.45
697	47.45
698	47.45
699	47.45
700	47.46
701	47.46
702	47.46
703	47.46
704	47.47
705	47.47
706	47.47
707	47.48
708	47.48
709	47.48
710	47.48
711	47.49
712	47.49
713	47.49
714	47.49
715	47.50
716	47.50
717	47.50
718	47.50
719	47.51
720	47.51
721	47.51
722	47.51
723	47.52
724	47.52
725	47.52
726	47.52
727	47.53
728	47.53
729	47.53
730	47.53
731	47.54
732	47.54
733	47.54
734	47.54
735	47.55
736	47.55
737	47.55
738	47.55
739	47.56
740	47.56
741	47.56
742	47.56
743	47.56
744	47.57
745	47.57
746	47.57
747	47.57
748	47.58
749	47.58
750	47.58
751	47.58
752	47.58
753	47.59
754	47.59
755	47.59
756	47.59
757	47.60
758	47.60
759	47.60
760	47.60
761	47.60
762	47.61
763	47.61
764	47.61
765	47.61
766	47.61
767	47.62
768	47.62
769	47.62
770	47.62
771	47.62
772	47.63
773	47.63
774	47.63
775	47.63
776	47.63
777	47.64
778	47.64
779	47.64
780	47.64
781	47.64
782	47.65
783	47.65
784	47.65
785	47.65
786	47.65
787	47.66
788	47.66
789	47.66
790	47.66
791	47.66
792	47.67
793	47.67
794	47.67
795	47.67
796	47.67
797	47.67
798	47.68
799	47.68
800	47.68
801	47.68
802	47.68
803	47.68
804	47.69
805	47.69
806	47.69
807	47.69
808	47.69
809	47.70
810	47.70
811	47.70
812	47.70
813	47.70
814	47.70
815	47.71
816	47.71
817	47.71
818	47.71
819	47.71
820	47.71
821	47.72
822	47.72
823	47.72
824	47.72
825	47.72
826	47.72
827	47.72
828	47.73
829	47.73
830	47.73
831	47.73
832	47.73
833	47.73
834	47.74
835	47.74
836	47.74
837	47.74
838	47.74
839	47.74
840	47.74
841	47.75
842	47.75
843	47.75
844	47.75
845	47.75
846	47.75
847	47.76
848	47.76
849	47.76
850	47.76
851	47.76
852	47.76
853	47.76
854	47.77
855	47.77
856	47.77
857	47.77
858	47.77
859	47.77
860	47.77
861	47.77
862	47.78
863	47.78
864	47.78
865	47.78
866	47.78
867	47.78
868	47.78
869	47.79
870	47.79
871	47.79
872	47.79
873	47.79
874	47.79
875	47.79
876	47.79
877	47.80
878	47.80
879	47.80
880	47.80
881	47.80
882	47.80
883	47.80
884	47.80
885	47.81
886	47.81
887	47.81
888	47.81
889	47.81
890	47.81
891	47.81
892	47.81
893	47.82
894	47.82
895	47.82
896	47.82
897	47.82
898	47.82
899	47.82
900	47.82
901	47.82
902	47.83
903	47.83
904	47.83
905	47.83
906	47.83
907	47.83
908	47.83
909	47.83
910	47.83
911	47.84
912	47.84
913	47.84
914	47.84
915	47.84
916	47.84
917	47.84
918	47.84
919	47.84
920	47.85
921	47.85
922	47.85
923	47.85
924	47.85
925	47.85
926	47.85
927	47.85
928	47.85
929	47.85
930	47.86
931	47.86
932	47.86
933	47.86
934	47.86
935	47.86
936	47.86
937	47.86
938	47.86
939	47.86
940	47.87
941	47.87
942	47.87
943	47.87
944	47.87
945	47.87
946	47.87
947	47.87
948	47.87
949	47.87
950	47.87
951	47.88
952	47.88
953	47.88
954	47.88
955	47.88
956	47.88
957	47.88
958	47.88
959	47.88
960	47.88
961	47.88
962	47.89
963	47.89
964	47.89
965	47.89
966	47.89
967	47.89
968	47.89
969	47.89
970	47.89
971	47.89
972	47.89
973	47.90
974	47.90
975	47.90
976	47.90
977	47.90
978	47.90
979	47.90
980	47.90
981	47.90
982	47.90
983	47.90
984	47.90
985	47.90
986	47.91
987	47.91
988	47.91
989	47.91
990	47.91
991	47.91
992	47.91
993	47.91
994	47.91
995	47.91
996	47.91
997	47.91
998	47.91
999	47.92
1000	47.92
1001	47.92
1002	47.92
1003	47.92
1004	47.92
1005	47.92
1006	47.92
1007	47.92
1008	47.92
1009	47.92
1010	47.92
1011	47.92
1012	47.93
1013	47.93
1014	47.93
1015	47.93
1016	47.93
1017	47.93
1018	47.93
1019	47.93
1020	47.93
1021	47.93
1022	47.93
1023	47.93
1024	47.93
1025	47.93
1026	47.93
1027	47.94
1028	47.94
1029	47.94
1030	47.94
1031	47.94
1032	47.94
1033	47.94
1034	47.94
1035	47.94
1036	47.94
1037	47.94
1038	47.94
1039	47.94
1040	47.94
1041	47.94
1042	47.94
1043	47.95
1044	47.95
1045	47.95
1046	47.95
1047	47.95
1048	47.95
1049	47.95
1050	47.95
1051	47.95
1052	47.95
1053	47.95
1054	47.95
1055	47.95
1056	47.95
1057	47.95
1058	47.95
1059	47.95
1060	47.96
1061	47.96
1062	47.96
1063	47.96
1064	47.96
1065	47.96
1066	47.96
1067	47.96
1068	47.96
1069	47.96
1070	47.96
1071	47.96
1072	47.96
1073	47.96
1074	47.96
1075	47.96
1076	47.96
1077	47.96
1078	47.97
1079	47.97
1080	47.97
1081	47.97
1082	47.97
1083	47.97
1084	47.97
1085	47.97
1086	47.97
1087	47.97
1088	47.97
1089	47.97
1090	47.97
1091	47.97
1092	47.97
1093	47.97
1094	47.97
1095	47.97
1096	47.97
1097	47.97
1098	47.98
1099	47.98
1100	47.98
1101	47.98
1102	47.98
1103	47.98
1104	47.98
1105	47.98
1106	47.98
1107	47.98
1108	47.98
1109	47.98
1110	47.98
1111	47.98
1112	47.98
1113	47.98
1114	47.98
1115	47.98
1116	47.98
1117	47.98
1118	47.98
1119	47.98
1120	47.99
1121	47.99
1122	47.99
1123	47.99
1124	47.99
1125	47.99
1126	47.99
1127	47.99
1128	47.99
1129	47.99
1130	47.99
1131	47.99
1132	47.99
1133	47.99
1134	47.99
1135	47.99
1136	47.99
1137	47.99
1138	47.99
1139	47.99
1140	47.99
1141	47.99
1142	47.99
1143	47.99
1144	48.00
1145	48.00
1146	48.00
1147	48.00
1148	48.00
1149	48.00
1150	48.00
1151	48.00
1152	48.00
1153	48.00
1154	48.00
1155	48.00
1156	48.00
1157	48.00
1158	48.00
1159	48.00
1160	48.00
1161	48.00
1162	48.00
1163	48.00
1164	48.00
1165	48.00
1166	48.00
1167	48.00
1168	48.00
1169	48.00
1170	48.00
1171	48.01
1172	48.01
1173	48.01
1174	48.01
1175	48.01
1176	48.01
1177	48.01
1178	48.01
1179	48.01
1180	48.01
1181	48.01
1182	48.01
1183	48.01
1184	48.01
1185	48.01
1186	48.01
1187	48.01
1188	48.01
1189	48.01
1190	48.01
1191	48.01
1192	48.01
1193	48.01
1194	48.01
1195	48.01
1196	48.01
1197	48.01
1198	48.01
1199	48.01
1200	48.01
1201	48.02
1202	48.02
1203	48.02
1204	48.02
1205	48.02
1206	48.02
1207	48.02
1208	48.02
1209	48.02
1210	48.02
1211	48.02
1212	48.02
1213	48.02
1214	48.02
1215	48.02
1216	48.02
1217	48.02
1218	48.02
1219	48.02
1220	48.02
1221	48.02
1222	48.02
1223	48.02
1224	48.02
1225	48.02
1226	48.02
1227	48.02
1228	48.02
1229	48.02
1230	48.02
1231	48.02
1232	48.02
1233	48.02
1234	48.02
1235	48.02
1236	48.03
1237	48.03
1238	48.03
1239	48.03
1240	48.03
1241	48.03
1242	48.03
1243	48.03
1244	48.03
1245	48.03
1246	48.03
1247	48.03
1248	48.03
1249	48.03
1250	48.03
1251	48.03
1252	48.03
1253	48.03
1254	48.03
1255	48.03
1256	48.03
1257	48.03
1258	48.03
1259	48.03
1260	48.03
1261	48.03
1262	48.03
1263	48.03
1264	48.03
1265	48.03
1266	48.03
1267	48.03
1268	48.03
1269	48.03
1270	48.03
1271	48.03
1272	48.03
1273	48.03
1274	48.03
1275	48.03
1276	48.03
1277	48.03
1278	48.04
1279	48.04
1280	48.04
1281	48.04
1282	48.04
1283	48.04
1284	48.04
1285	48.04
1286	48.04
1287	48.04
1288	48.04
1289	48.04
1290	48.04
1291	48.04
1292	48.04
1293	48.04
1294	48.04
1295	48.04
1296	48.04
1297	48.04
1298	48.04
1299	48.04
1300	48.04
1301	48.04
1302	48.04
1303	48.04
1304	48.04
1305	48.04
1306	48.04
1307	48.04
1308	48.04
1309	48.04
1310	48.04
1311	48.04
1312	48.04
1313	48.04
1314	48.04
1315	48.04
1316	48.04
1317	48.04
1318	48.04
1319	48.04
1320	48.04
1321	48.04
1322	48.04
1323	48.04
1324	48.04
1325	48.04
1326	48.04
1327	48.04
1328	48.04
1329	48.05
1330	48.05
1331	48.05
1332	48.05
1333	48.05
1334	48.05
1335	48.05
1336	48.05
1337	48.05
1338	48.05
1339	48.05
1340	48.05
1341	48.05
1342	48.05
1343	48.05
1344	48.05
1345	48.05
1346	48.05
1347	48.05
1348	48.05
1349	48.05
1350	48.05
1351	48.05
1352	48.05
1353	48.05
1354	48.05
1355	48.05
1356	48.05
1357	48.05
1358	48.05
1359	48.05
1360	48.05
1361	48.05
1362	48.05
1363	48.05
1364	48.05
1365	48.05
1366	48.05
1367	48.05
1368	48.05
1369	48.05
1370	48.05
1371	48.05
1372	48.05
1373	48.05
1374	48.05
1375	48.05
1376	48.05
1377	48.05
1378	48.05
1379	48.05
1380	48.05
1381	48.05
1382	48.05
1383	48.05
1384	48.05
1385	48.05
1386	48.05
1387	48.05
1388	48.05
1389	48.05
1390	48.05
1391	48.05
1392	48.05
1393	48.05
1394	48.06
1395	48.06
1396	48.06
1397	48.06
1398	48.06
1399	48.06
1400	48.06
1401	48.06
1402	48.06
1403	48.06
1404	48.06
1405	48.06
1406	48.06
1407	48.06
1408	48.06
1409	48.06
1410	48.06
1411	48.06
1412	48.06
1413	48.06
1414	48.06
1415	48.06
1416	48.06
1417	48.06
1418	48.06
1419	48.06
1420	48.06
1421	48.06
1422	48.06
1423	48.06
1424	48.06
1425	48.06
1426	48.06
1427	48.06
1428	48.06
1429	48.06
1430	48.06
1431	48.06
1432	48.06
1433	48.06
1434	48.06
1435	48.06
1436	48.06
1437	48.06
1438	48.06
1439	48.06
1440	48.06
1441	48.06
1442	48.06
1443	48.06
1444	48.06
1445	48.06
1446	48.06
1447	48.06
1448	48.06
1449	48.06
1450	48.06
1451	48.06
1452	48.06
1453	48.06
1454	48.06
1455	48.06
1456	48.06
1457	48.06
1458	48.06
1459	48.06
1460	48.06
1461	48.06
1462	48.06
1463	48.06
1464	48.06
1465	48.06
1466	48.06
1467	48.06
1468	48.06
1469	48.06
1470	48.06
1471	48.06
1472	48.06
1473	48.06
1474	48.06
1475	48.06
1476	48.06
1477	48.06
1478	48.06
1479	48.06
1480	48.06
1481	48.06
1482	48.06
1483	48.06
1484	48.06
1485	48.06
1486	48.06
1487	48.07
1488	48.07
1489	48.07
1490	48.07
1491	48.07
1492	48.07
1493	48.07
1494	48.07
1495	48.07
1496	48.07
1497	48.07
1498	48.07
1499	48.07
1500	48.07
1501	48.07
1502	48.07
1503	48.07
1504	48.07
1505	48.07
1506	48.07
1507	48.07
1508	48.07
1509	48.07
1510	48.07
1511	48.07
1512	48.07
1513	48.07
1514	48.07
1515	48.07
1516	48.07
1517	48.07
1518	48.07
1519	48.07
1520	48.07
1521	48.07
1522	48.07
1523	48.07
1524	48.07
1525	48.07
1526	48.07
1527	48.07
1528	48.07
1529	48.07
1530	48.07
1531	48.07
1532	48.07
1533	48.07
1534	48.07
1535	48.07
1536	48.07
1537	48.07
1538	48.07
1539	48.07
1540	48.07
1541	48.07
1542	48.07
1543	48.07
1544	48.07
1545	48.07
1546	48.07
1547	48.07
1548	48.07
1549	48.07
1550	48.07
1551	48.07
1552	48.07
1553	48.07
1554	48.07
1555	48.07
1556	48.07
1557	48.07
1558	48.07
1559	48.07
1560	48.07
1561	48.07
1562	48.07
1563	48.07
1564	48.07
1565	48.07
1566	48.07
1567	48.07
1568	48.07
1569	48.07
1570	48.07
1571	48.07
1572	48.07
1573	48.07
1574	48.07
1575	48.07
1576	48.07
1577	48.07
1578	48.07
1579	48.07
1580	48.07
1581	48.07
1582	48.07
1583	48.07
1584	48.07
1585	48.07
1586	48.07
1587	48.07
1588	48.07
1589	48.07
1590	48.07
1591	48.07
1592	48.07
1593	48.07
1594	48.07
1595	48.07
1596	48.07
1597	48.07
1598	48.07
1599	48.07
1600	48.07
1601	48.07
1602	48.07
1603	48.07
1604	48.07
1605	48.07
1606	48.07
1607	48.07
1608	48.07
1609	48.07
1610	48.07
1611	48.07
1612	48.07
1613	48.07
1614	48.07
1615	48.07
1616	48.07
1617	48.07
1618	48.07
1619	48.07
1620	48.07
1621	48.07
1622	48.07
1623	48.07
1624	48.07
1625	48.07
1626	48.07
1627	48.07
1628	48.07
1629	48.07
1630	48.07
1631	48.07
1632	48.07
1633	48.07
1634	48.07
1635	48.07
1636	48.07
1637	48.07
1638	48.07
1639	48.07
1640	48.07
1641	48.07
1642	48.07
1643	48.07
1644	48.07
1645	48.08
1646	48.08
1647	48.08
1648	48.08
1649	48.08
1650	48.08
1651	48.08
1652	48.08
1653	48.08
1654	48.08
1655	48.08
1656	48.08
1657	48.08
1658	48.08
1659	48.08
1660	48.08
1661	48.08
1662	48.08
1663	48.08
1664	48.08
1665	48.08
1666	48.08
1667	48.08
1668	48.08
1669	48.08
1670	48.08
1671	48.08
1672	48.08
1673	48.08
1674	48.08
1675	48.08
1676	48.08
1677	48.08
1678	48.08
1679	48.08
1680	48.08
1681	48.08
1682	48.08
1683	48.08
1684	48.08
1685	48.08
1686	48.08
1687	48.08
1688	48.08
1689	48.08
1690	48.08
1691	48.08
1692	48.08
1693	48.08
1694	48.08
1695	48.08
1696	48.08
1697	48.08
1698	48.08
1699	48.08
1700	48.08
1701	48.08
1702	48.08
1703	48.08
1704	48.08
1705	48.08
1706	48.08
1707	48.08
1708	48.08
1709	48.08
1710	48.08
1711	48.08
1712	48.08
1713	48.08
1714	48.08
1715	48.08
1716	48.08
1717	48.08
1718	48.08
1719	48.08
1720	48.08
1721	48.08
1722	48.08
1723	48.08
1724	48.08
1725	48.08
1726	48.08
1727	48.08
1728	48.08
1729	48.08
1730	48.08
1731	48.08
1732	48.08
1733	48.08
1734	48.08
1735	48.08
1736	48.08
1737	48.08
1738	48.08
1739	48.08
1740	48.08
1741	48.08
1742	48.08
1743	48.08
1744	48.08
1745	48.08
1746	48.08
1747	48.08
1748	48.08
1749	48.08
1750	48.08
1751	48.08
1752	48.08
1753	48.08
1754	48.08
1755	48.08
1756	48.08
1757	48.08
1758	48.08
1759	48.08
1760	48.08
1761	48.08
1762	48.08
1763	48.08
1764	48.08
1765	48.08
1766	48.08
1767	48.08
1768	48.08
1769	48.08
1770	48.08
1771	48.08
1772	48.08
1773	48.08
1774	48.08
1775	48.08
1776	48.08
1777	48.08
1778	48.08
1779	48.08
1780	48.08
1781	48.08
1782	48.08
1783	48.08
1784	48.08
1785	48.08
1786	48.08
1787	48.08
1788	48.08
1789	48.08
1790	48.08
1791	48.08
1792	48.08
1793	48.08
1794	48.08
1795	48.08
1796	48.08
1797	48.08
1798	48.08
1799	48.08
1800	48.08
1801	48.08
1802	48.08
1803	48.08
1804	48.08
1805	48.08
1806	48.08
1807	48.08
1808	48.08
1809	48.08
1810	48.08
1811	48.08
1812	48.08
1813	48.08
1814	48.08
1815	48.08
1816	48.08
1817	48.08
1818	48.08
1819	48.08
1820	48.08
1821	48.08
1822	48.08
1823	48.08
1824	48.08
1825	48.08
1826	48.08
1827	48.08
1828	48.08
1829	48.08
1830	48.08
1831	48.08
1832	48.08
1833	48.08
1834	48.08
1835	48.08
1836	48.08
1837	48.08
1838	48.08
1839	48.08
1840	48.08
1841	48.08
1842	48.08
1843	48.08
1844	48.08
1845	48.08
1846	48.08
1847	48.08
1848	48.08
1849	48.08
1850	48.08
1851	48.08
1852	48.08
1853	48.08
1854	48.08
1855	48.08
1856	48.08
1857	48.08
1858	48.08
1859	48.08
1860	48.08
1861	48.08
1862	48.08
1863	48.08
1864	48.08
1865	48.08
1866	48.08
1867	48.08
1868	48.08
1869	48.08
1870	48.08
1871	48.08
1872	48.08
1873	48.08
1874	48.08
1875	48.08
1876	48.08
1877	48.08
1878	48.08
1879	48.08
1880	48.08
1881	48.08
1882	48.08
1883	48.08
1884	48.08
1885	48.08
1886	48.08
1887	48.08
1888	48.08
1889	48.08
1890	48.08
1891	48.08
1892	48.08
1893	48.08
1894	48.08
1895	48.08
1896	48.08
1897	48.08
1898	48.08
1899	48.08
1900	48.08
1901	48.08
1902	48.08
1903	48.08
1904	48.08
1905	48.08
1906	48.08
1907	48.08
1908	48.08
1909	48.08
1910	48.08
1911	48.08
1912	48.08
1913	48.08
1914	48.08
1915	48.08
1916	48.08
1917	48.08
1918	48.08
1919	48.08
1920	48.08
1921	48.08
1922	48.08
1923	48.08
1924	48.08
1925	48.08
1926	48.08
1927	48.08
1928	48.08
1929	48.08
1930	48.08
1931	48.08
1932	48.08
1933	48.08
1934	48.08
1935	48.08
1936	48.08
1937	48.08
1938	48.08
1939	48.08
1940	48.08
1941	48.08
1942	48.08
1943	48.08
1944	48.08
1945	48.08
1946	48.08
1947	48.08
1948	48.08
1949	48.08
1950	48.08
1951	48.08
1952	48.08
1953	48.08
1954	48.08
1955	48.08
1956	48.08
1957	48.08
1958	48.08
1959	48.08
1960	48.08
1961	48.08
1962	48.08
1963	48.08
1964	48.08
1965	48.08
1966	48.08
1967	48.08
1968	48.08
1969	48.08
1970	48.08
1971	48.08
1972	48.08
1973	48.08
1974	48.08
1975	48.08
1976	48.08
1977	48.08
1978	48.08
1979	48.08
1980	48.08
1981	48.08
1982	48.08
1983	48.08
1984	48.08
1985	48.08
1986	48.08
1987	48.08
1988	48.08
1989	48.08
1990	48.08
1991	48.08
1992	48.08
1993	48.08
1994	48.08
1995	48.08
1996	48.08
1997	48.08
1998	48.08
1999	48.08
2000	48.08
2001	48.08
2002	48.08
2003	48.08
2004	48.08
2005	48.08
2006	48.08
2007	48.08
2008	48.08
2009	48.08
2010	48.08
2011	48.08
2012	48.08
2013	48.08
2014	48.08
2015	48.08
2016	48.08
2017	48.08
2018	48.08
2019	48.08
2020	48.08
2021	48.08
2022	48.08
2023	48.08
2024	48.08
2025	48.08
2026	48.08
2027	48.08
2028	48.08
2029	48.08
2030	48.08
2031	48.08
2032	48.08
2033	48.08
2034	48.08
2035	48.08
2036	48.08
2037	48.08
2038	48.08
2039	48.08
2040	48.08
2041	48.08
2042	48.08
2043	48.08
2044	48.08
2045	48.08
2046	48.08
2047	48.08
2048	48.08
2049	48.08
2050	48.08
2051	48.08
2052	48.08
2053	48.08
2054	48.08
2055	48.08
2056	48.08
2057	48.08
2058	48.08
2059	48.08
2060	48.08
2061	48.08
2062	48.08
2063	48.08
2064	48.08
2065	48.08
2066	48.08
2067	48.08
2068	48.08
2069	48.08
2070	48.08
2071	48.08
2072	48.08
2073	48.08
2074	48.08
2075	48.08
2076	48.08
2077	48.08
2078	48.08
2079	48.08
2080	48.08
2081	48.08
2082	48.08
2083	48.08
2084	48.08
2085	48.08
2086	48.08
2087	48.08
2088	48.08
2089	48.08
2090	48.08
2091	48.08
2092	48.08
2093	48.08
2094	48.08
2095	48.08
2096	48.08
2097	48.08
2098	48.08
2099	48.08
2100	48.08
2101	48.08
2102	48.08
2103	48.08
2104	48.08
2105	48.08
2106	48.08
2107	48.08
2108	48.08
2109	48.08
2110	48.08
2111	48.08
2112	48.08
2113	48.08
2114	48.08
2115	48.08
2116	48.08
2117	48.08
2118	48.08
2119	48.08
2120	48.08
2121	48.08
2122	48.08
2123	48.08
2124	48.08
2125	48.08
2126	48.08
2127	48.08
2128	48.08
2129	48.08
2130	48.08
2131	48.08
2132	48.08
2133	48.08
2134	48.08
2135	48.08
2136	48.08
2137	48.08
2138	48.08
2139	48.08
2140	48.08
2141	48.08
2142	48.08
2143	48.08
2144	48.08
2145	48.08
2146	48.08
2147	48.08
2148	48.08
2149	48.08
2150	48.08
2151	48.08
2152	48.08
2153	48.08
2154	48.08
2155	48.08
2156	48.08
2157	48.08
2158	48.08
2159	48.08
2160	48.08
2161	48.08
2162	48.08
2163	48.08
2164	48.08
2165	48.08
2166	48.08
2167	48.08
2168	48.08
2169	48.08
2170	48.08
2171	48.08
2172	48.08
2173	48.08
2174	48.08
2175	48.08
2176	48.08
2177	48.08
2178	48.08
2179	48.08
2180	48.08
2181	48.08
2182	48.08
2183	48.08
2184	48.08
2185	48.08
2186	48.08
2187	48.08
2188	48.08
2189	48.08
2190	48.08
2191	48.08
2192	48.08
2193	48.08
2194	48.08
2195	48.08
2196	48.08
2197	48.08
2198	48.08
2199	48.08
2200	48.08
2201	48.08
2202	48.08
2203	48.08
2204	48.08
2205	48.08
2206	48.08
2207	48.08
2208	48.08
2209	48.08
2210	48.08
2211	48.08
2212	48.08
2213	48.08
2214	48.08
2215	48.08
2216	48.08
2217	48.08
2218	48.08
2219	48.08
2220	48.08
2221	48.08
2222	48.08
2223	48.08
2224	48.08
2225	48.08
2226	48.08
2227	48.08
2228	48.08
2229	48.08
2230	48.08
2231	48.08
2232	48.08
2233	48.08
2234	48.08
2235	48.08
2236	48.08
2237	48.08
2238	48.08
2239	48.08
2240	48.08
2241	48.08
2242	48.08
2243	48.08
2244	48.08
2245	48.08
2246	48.08
2247	48.08
2248	48.08
2249	48.08
2250	48.08
2251	48.08
2252	48.08
2253	48.08
2254	48.08
2255	48.08
2256	48.08
2257	48.08
2258	48.08
2259	48.08
2260	48.08
2261	48.08
2262	48.08
2263	48.08
2264	48.08
2265	48.08
2266	48.08
2267	48.08
2268	48.08
2269	48.08
2270	48.08
2271	48.08
2272	48.08
2273	48.08
2274	48.08
2275	48.08
2276	48.08
2277	48.08
2278	48.08
2279	48.08
2280	48.08
2281	48.08
2282	48.08
2283	48.08
2284	48.08
2285	48.08
2286	48.08
2287	48.08
2288	48.08
2289	48.08
2290	48.08
2291	48.08
2292	48.08
2293	48.08
2294	48.08
2295	48.08
2296	48.08
2297	48.08
2298	48.08
2299	48.08
2300	48.08
2301	48.08
2302	48.08
2303	48.08
2304	48.08
2305	48.08
2306	48.08
2307	48.08
2308	48.08
2309	48.08
2310	48.08
2311	48.08
2312	48.08
2313	48.08
2314	48.08
2315	48.08
2316	48.08
2317	48.08
2318	48.08
2319	48.08
2320	48.08
2321	48.08
2322	48.08
2323	48.08
2324	48.08
2325	48.08
2326	48.08
2327	48.08
2328	48.08
2329	48.08
2330	48.08
2331	48.08
2332	48.08
2333	48.08
2334	48.08
2335	48.08
2336	48.08
2337	48.08
2338	48.08
2339	48.08
2340	48.08
2341	48.08
2342	48.08
2343	48.08
2344	48.08
2345	48.08
2346	48.08
2347	48.08
2348	48.08
2349	48.08
2350	48.08
2351	48.08
2352	48.08
2353	48.08
2354	48.08
2355	48.08
2356	48.08
2357	48.08
2358	48.08
2359	48.08
2360	48.08
2361	48.08
2362	48.08
2363	48.08
2364	48.08
2365	48.08
2366	48.08
2367	48.08
2368	48.08
2369	48.08
2370	48.08
2371	48.08
2372	48.08
2373	48.08
2374	48.08
2375	48.08
2376	48.08
2377	48.08
2378	48.08
2379	48.08
2380	48.08
2381	48.08
2382	48.08
2383	48.08
2384	48.08
2385	48.08
2386	48.08
2387	48.08
2388	48.08
2389	48.08
2390	48.08
2391	48.08
2392	48.08
2393	48.08
2394	48.08
2395	48.08
2396	48.08
2397	48.08
2398	48.08
2399	48.08
2400	48.08
2401	48.08
2402	48.08
2403	48.08
2404	48.08
2405	48.08
2406	48.08
2407	48.08
2408	48.08
2409	48.08
2410	48.08
2411	48.08
2412	48.08
2413	48.08
2414	48.08
2415	48.08
2416	48.08
2417	48.08
2418	48.08
2419	48.08
2420	48.08
2421	48.08
2422	48.08
2423	48.08
2424	48.08
2425	48.08
2426	48.08
2427	48.08
2428	48.08
2429	48.08
2430	48.08
2431	48.08
2432	48.08
2433	48.08
2434	48.08
2435	48.08
2436	48.08
2437	48.08
2438	48.08
2439	48.08
2440	48.08
2441	48.08
2442	48.08
2443	48.08
2444	48.08
2445	48.08
2446	48.08
2447	48.08
2448	48.08
2449	48.08
2450	48.08
2451	48.08
2452	48.08
2453	48.08
2454	48.08
2455	48.08
2456	48.08
2457	48.08
2458	48.08
2459	48.08
2460	48.08
2461	48.08
2462	48.08
2463	48.08
2464	48.08
2465	48.08
2466	48.08
2467	48.08
2468	48.08
2469	48.08
2470	48.08
2471	48.08
2472	48.08
2473	48.08
2474	48.08
2475	48.08
2476	48.08
2477	48.08
2478	48.08
2479	48.08
2480	48.08
2481	48.08
2482	48.08
2483	48.08
2484	48.08
2485	48.08
2486	48.08
2487	48.08
2488	48.08
2489	48.08
2490	48.08
2491	48.08
2492	48.08
2493	48.08
2494	48.08
2495	48.08
2496	48.08
2497	48.08
2498	48.08
2499	48.08
2500	48.08
2501	48.08
2502	48.08
2503	48.08
2504	48.08
2505	48.08
2506	48.08
2507	48.08
2508	48.08
2509	48.08
2510	48.08
2511	48.08
2512	48.08
2513	48.08
2514	48.08
2515	48.08
2516	48.08
2517	48.08
2518	48.08
2519	48.08
2520	48.08
2521	48.08
2522	48.08
2523	48.08
2524	48.08
2525	48.08
2526	48.08
2527	48.08
2528	48.08
2529	48.08
2530	48.08
2531	48.08
2532	48.08
2533	48.08
2534	48.08
2535	48.08
2536	48.08
2537	48.08
2538	48.08
2539	48.08
2540	48.08
2541	48.08
2542	48.08
2543	48.08
2544	48.08
2545	48.08
2546	48.08
2547	48.08
2548	48.08
2549	48.08
2550	48.08
2551	48.08
2552	48.08
2553	48.08
2554	48.08
2555	48.08
2556	48.08
2557	48.08
2558	48.08
2559	48.08
2560	48.08
2561	48.08
2562	48.08
2563	48.08
2564	48.08
2565	48.08
2566	48.08
2567	48.08
2568	48.08
2569	48.08
2570	48.08
2571	48.08
2572	48.08
2573	48.08
2574	48.08
2575	48.08
2576	48.08
2577	48.08
2578	48.08
2579	48.08
2580	48.08
2581	48.08
2582	48.08
2583	48.08
2584	48.08
2585	48.08
2586	48.08
2587	48.08
2588	48.08
2589	48.08
2590	48.08
2591	48.08
2592	48.08
2593	48.08
2594	48.08
2595	48.08
2596	48.08
2597	48.08
2598	48.08
2599	48.08
2600	48.08
2601	48.08
2602	48.08
2603	48.08
2604	48.08
2605	48.08
2606	48.08
2607	48.08
2608	48.08
2609	48.08
2610	48.08
2611	48.08
2612	48.08
2613	48.08
2614	48.08
2615	48.08
2616	48.08
2617	48.08
2618	48.08
2619	48.08
2620	48.08
2621	48.08
2622	48.08
2623	48.08
2624	48.08
2625	48.08
2626	48.08
2627	48.08
2628	48.08
2629	48.08
2630	48.08
2631	48.08
2632	48.08
2633	48.08
2634	48.08
2635	48.08
2636	48.08
2637	48.08
2638	48.08
2639	48.08
2640	48.08
2641	48.08
2642	48.08
2643	48.08
2644	48.08
2645	48.08
2646	48.08
2647	48.08
2648	48.08
2649	48.08
2650	48.08
2651	48.08
2652	48.08
2653	48.08
2654	48.08
2655	48.08
2656	48.08
2657	48.08
2658	48.08
2659	48.08
2660	48.08
2661	48.08
2662	48.08
2663	48.08
2664	48.08
2665	48.08
2666	48.08
2667	48.08
2668	48.08
2669	48.08
2670	48.08
2671	48.08
2672	48.08
2673	48.08
2674	48.08
2675	48.08
2676	48.08
2677	48.08
2678	48.08
2679	48.08
2680	48.08
2681	48.08
2682	48.08
2683	48.08
2684	48.08
2685	48.08
2686	48.08
2687	48.08
2688	48.08
2689	48.08
2690	48.08
2691	48.08
2692	48.08
2693	48.08
2694	48.08
2695	48.08
2696	48.08
2697	48.08
2698	48.08
2699	48.08
2700	48.08
2701	48.08
2702	48.08
2703	48.08
2704	48.08
2705	48.08
2706	48.08
2707	48.08
2708	48.08
2709	48.08
2710	48.08
2711	48.08
2712	48.08
2713	48.08
2714	48.08
2715	48.08
2716	48.08
2717	48.08
2718	48.08
2719	48.08
2720	48.08
2721	48.08
2722	48.08
2723	48.08
2724	48.08
2725	48.08
2726	48.08
2727	48.08
2728	48.08
2729	48.08
2730	48.08
2731	48.08
2732	48.08
2733	48.08
2734	48.08
2735	48.08
2736	48.08
2737	48.08
2738	48.08
2739	48.08
2740	48.08
2741	48.08
2742	48.08
2743	48.08
2744	48.08
2745	48.08
2746	48.08
2747	48.08
2748	48.08
2749	48.08
2750	48.08
2751	48.08
2752	48.08
2753	48.08
2754	48.08
2755	48.08
2756	48.08
2757	48.08
2758	48.08
2759	48.08
2760	48.08
2761	48.08
2762	48.08
2763	48.08
2764	48.08
2765	48.08
2766	48.08
2767	48.08
2768	48.08
2769	48.08
2770	48.08
2771	48.08
2772	48.08
2773	48.08
2774	48.08
2775	48.08
2776	48.08
2777	48.08
2778	48.08
2779	48.08
2780	48.08
2781	48.08
2782	48.08
2783	48.08
2784	48.08
2785	48.08
2786	48.08
2787	48.08
2788	48.08
2789	48.08
2790	48.08
2791	48.08
2792	48.08
2793	48.08
2794	48.08
2795	48.08
2796	48.08
2797	48.08
2798	48.08
2799	48.08
2800	48.08
2801	48.08
2802	48.08
2803	48.08
2804	48.08
2805	48.08
2806	48.08
2807	48.08
2808	48.08
2809	48.08
2810	48.08
2811	48.08
2812	48.08
2813	48.08
2814	48.08
2815	48.08
2816	48.08
2817	48.08
2818	48.08
2819	48.08
2820	48.08
2821	48.08
2822	48.08
2823	48.08
2824	48.08
2825	48.08
2826	48.08
2827	48.08
2828	48.08
2829	48.08
2830	48.08
2831	48.08
2832	48.08
2833	48.08
2834	48.08
2835	48.08
2836	48.08
2837	48.08
2838	48.08
2839	48.08
2840	48.08
2841	48.08
2842	48.08
2843	48.08
2844	48.08
2845	48.08
2846	48.08
2847	48.08
2848	48.08
2849	48.08
2850	48.08
2851	48.08
2852	48.08
2853	48.08
2854	48.08
2855	48.08
2856	48.08
2857	48.08
2858	48.08
2859	48.08
2860	48.08
2861	48.08
2862	48.08
2863	48.08
2864	48.08
2865	48.08
2866	48.08
2867	48.08
2868	48.08
2869	48.08
2870	48.08
2871	48.08
2872	48.08
2873	48.08
2874	48.08
2875	48.08
2876	48.08
2877	48.08
2878	48.08
2879	48.08
2880	48.08
2881	48.08
2882	48.08
2883	48.08
2884	48.08
2885	48.08
2886	48.08
2887	48.08
2888	48.08
2889	48.08
2890	48.08
2891	48.08
2892	48.08
2893	48.08
2894	48.08
2895	48.08
2896	48.08
2897	48.08
2898	48.08
2899	48.08
2900	48.08
2901	48.08
2902	48.08
2903	48.08
2904	48.08
2905	48.08
2906	48.08
2907	48.08
2908	48.08
2909	48.08
2910	48.08
2911	48.08
2912	48.08
2913	48.08
2914	48.08
2915	48.08
2916	48.08
2917	48.08
2918	48.08
2919	48.08
2920	48.08
2921	48.08
2922	48.08
2923	48.08
2924	48.08
2925	48.08
2926	48.08
2927	48.08
2928	48.08
2929	48.08
2930	48.08
2931	48.08
2932	48.08
2933	48.08
2934	48.08
2935	48.08
2936	48.08
2937	48.08
2938	48.08
2939	48.08
2940	48.08
2941	48.08
2942	48.08
2943	48.08
2944	48.08
2945	48.08
2946	48.08
2947	48.08
2948	48.08
2949	48.08
2950	48.08
2951	48.08
2952	48.08
2953	48.08
2954	48.08
2955	48.08
2956	48.08
2957	48.08
2958	48.08
2959	48.08
2960	48.08
2961	48.08
2962	48.08
2963	48.08
2964	48.08
2965	48.08
2966	48.08
2967	48.08
2968	48.08
2969	48.08
2970	48.08
2971	48.08
2972	48.08
2973	48.08
2974	48.08
2975	48.08
2976	48.08
2977	48.08
2978	48.08
2979	48.08
2980	48.08
2981	48.08
2982	48.08
2983	48.08
2984	48.08
2985	48.08
2986	48.08
2987	48.08
2988	48.08
2989	48.08
2990	48.08
2991	48.08
2992	48.08
2993	48.08
2994	48.08
2995	48.08
2996	48.08
2997	48.08
2998	48.08
2999	48.08
3000	48.08
3001	48.08
3002	48.08
3003	48.08
3004	48.08
3005	48.08
3006	48.08
3007	48.08
3008	48.08
3009	48.08
3010	48.08
3011	48.08
3012	48.08
3013	48.08
3014	48.08
3015	48.08
3016	48.08
3017	48.08
3018	48.08
3019	48.08
3020	48.08
3021	48.08
3022	48.08
3023	48.08
3024	48.08
3025	48.08
3026	48.08
3027	48.08
3028	48.08
3029	48.08
3030	48.08
3031	48.08
3032	48.08
3033	48.08
3034	48.08
3035	48.08
3036	48.08
3037	48.08
3038	48.08
3039	48.08
3040	48.08
3041	48.08
3042	48.08
3043	48.08
3044	48.08
3045	48.08
3046	48.08
3047	48.08
3048	48.08
3049	48.08
3050	48.08
3051	48.08
3052	48.08
3053	48.08
3054	48.08
3055	48.08
3056	48.08
3057	48.08
3058	48.08
3059	48.08
3060	48.08
3061	48.08
3062	48.08
3063	48.08
3064	48.08
3065	48.08
3066	48.08
3067	48.08
3068	48.08
3069	48.08
3070	48.08
3071	48.08
3072	48.08
3073	48.08
3074	48.08
3075	48.08
3076	48.08
3077	48.08
3078	48.08
3079	48.08
3080	48.08
3081	48.08
3082	48.08
3083	48.08
3084	48.08
3085	48.08
3086	48.08
3087	48.08
3088	48.08
3089	48.08
3090	48.08
3091	48.08
3092	48.08
3093	48.08
3094	48.08
3095	48.08
3096	48.08
3097	48.08
3098	48.08
3099	48.08
3100	48.08
3101	48.08
3102	48.08
3103	48.08
3104	48.08
3105	48.08
3106	48.08
3107	48.08
3108	48.08
3109	48.08
3110	48.08
3111	48.08
3112	48.08
3113	48.08
3114	48.08
3115	48.08
3116	48.08
3117	48.08
3118	48.08
3119	48.08
3120	48.08
3121	48.08
3122	48.08
3123	48.08
3124	48.08
3125	48.08
3126	48.08
3127	48.08
3128	48.08
3129	48.08
3130	48.08
3131	48.08
3132	48.08
3133	48.08
3134	48.08
3135	48.08
3136	48.08
3137	48.08
3138	48.08
3139	48.08
3140	48.08
3141	48.08
3142	48.08
3143	48.08
3144	48.08
3145	48.08
3146	48.08
3147	48.08
3148	48.08
3149	48.08
3150	48.08
3151	48.08
3152	48.08
3153	48.08
3154	48.08
3155	48.08
3156	48.08
3157	48.08
3158	48.08
3159	48.08
3160	48.08
3161	48.08
3162	48.08
3163	48.08
3164	48.08
3165	48.08
3166	48.08
3167	48.08
3168	48.08
3169	48.08
3170	48.08
3171	48.08
3172	48.08
3173	48.08
3174	48.08
3175	48.08
3176	48.08
3177	48.08
3178	48.08
3179	48.08
3180	48.08
3181	48.08
3182	48.08
3183	48.08
3184	48.08
3185	48.08
3186	48.08
3187	48.08
3188	48.08
3189	48.08
3190	48.08
3191	48.08
3192	48.08
3193	48.08
3194	48.08
3195	48.08
3196	48.08
3197	48.08
3198	48.08
3199	48.08
3200	48.08
3201	48.08
3202	48.08
3203	48.08
3204	48.08
3205	48.08
3206	48.08
3207	48.08
3208	48.08
3209	48.08
3210	48.08
3211	48.08
3212	48.08
3213	48.08
3214	48.08
3215	48.08
3216	48.08
3217	48.08
3218	48.08
3219	48.08
3220	48.08
3221	48.08
3222	48.08
3223	48.08
3224	48.08
3225	48.08
3226	48.08
3227	48.08
3228	48.08
3229	48.08
3230	48.08
3231	48.08
3232	48.08
3233	48.08
3234	48.08
3235	48.08
3236	48.08
3237	48.08
3238	48.08
3239	48.08
3240	48.08
3241	48.08
3242	48.08
3243	48.08
3244	48.08
3245	48.08
3246	48.08
3247	48.08
3248	48.08
3249	48.08
3250	48.08
3251	48.08
3252	48.08
3253	48.08
3254	48.08
3255	48.08
3256	48.08
3257	48.08
3258	48.08
3259	48.08
3260	48.08
3261	48.08
3262	48.08
3263	48.08
3264	48.08
3265	48.08
3266	48.08
3267	48.08
3268	48.08
3269	48.08
3270	48.08
3271	48.08
3272	48.08
3273	48.08
3274	48.08
3275	48.08
3276	48.08
3277	48.08
3278	48.08
3279	48.08
3280	48.08
3281	48.08
3282	48.08
3283	48.08
3284	48.08
3285	48.08
3286	48.08
3287	48.08
3288	48.08
3289	48.08
3290	48.08
3291	48.08
3292	48.08
3293	48.08
3294	48.08
3295	48.08
3296	48.08
3297	48.08
3298	48.08
3299	48.08
3300	48.08
3301	48.08
3302	48.08
3303	48.08
3304	48.08
3305	48.08
3306	48.08
3307	48.08
3308	48.08
3309	48.08
3310	48.08
3311	48.08
3312	48.08
3313	48.08
3314	48.08
3315	48.08
3316	48.08
3317	48.08
3318	48.08
3319	48.08
3320	48.08
3321	48.08
3322	48.08
3323	48.08
3324	48.08
3325	48.08
3326	48.08
3327	48.08
3328	48.08
3329	48.08
3330	48.08
3331	48.08
3332	48.08
3333	48.08
3334	48.08
3335	48.08
3336	48.08
3337	48.08
3338	48.08
3339	48.08
3340	48.08
3341	48.08
3342	48.08
3343	48.08
3344	48.08
3345	48.08
3346	48.08
3347	48.08
3348	48.08
3349	48.08
3350	48.08
3351	48.08
3352	48.08
3353	48.08
3354	48.08
3355	48.08
3356	48.08
3357	48.08
3358	48.08
3359	48.08
3360	48.08
3361	48.08
3362	48.08
3363	48.08
3364	48.08
3365	48.08
3366	48.08
3367	48.08
3368	48.08
3369	48.08
3370	48.08
3371	48.08
3372	48.08
3373	48.08
3374	48.08
3375	48.08
3376	48.08
3377	48.08
3378	48.08
3379	48.08
3380	48.08
3381	48.08
3382	48.08
3383	48.08
3384	48.08
3385	48.08
3386	48.08
3387	48.08
3388	48.08
3389	48.08
3390	48.08
3391	48.08
3392	48.08
3393	48.08
3394	48.08
3395	48.08
3396	48.08
3397	48.08
3398	48.08
3399	48.08
3400	48.08
3401	48.08
3402	48.08
3403	48.08
3404	48.08
3405	48.08
3406	48.08
3407	48.08
3408	48.08
3409	48.08
3410	48.08
3411	48.08
3412	48.08
3413	48.08
3414	48.08
3415	48.08
3416	48.08
3417	48.08
3418	48.08
3419	48.08
3420	48.08
3421	48.08
3422	48.08
3423	48.08
3424	48.08
3425	48.08
3426	48.08
3427	48.08
3428	48.08
3429	48.08
3430	48.08
3431	48.08
3432	48.08
3433	48.08
3434	48.08
3435	48.08
3436	48.08
3437	48.08
3438	48.08
3439	48.08
3440	48.08
3441	48.08
3442	48.08
3443	48.08
3444	48.08
3445	48.08
3446	48.08
3447	48.08
3448	48.08
3449	48.08
3450	48.08
3451	48.08
3452	48.08
3453	48.08
3454	48.08
3455	48.08
3456	48.08
3457	48.08
3458	48.08
3459	48.08
3460	48.08
3461	48.08
3462	48.08
3463	48.08
3464	48.08
3465	48.08
3466	48.08
3467	48.08
3468	48.08
3469	48.08
3470	48.08
3471	48.08
3472	48.08
3473	48.08
3474	48.08
3475	48.08
3476	48.08
3477	48.08
3478	48.08
3479	48.08
3480	48.08
3481	48.08
3482	48.08
3483	48.08
3484	48.08
3485	48.08
3486	48.08
3487	48.08
3488	48.08
3489	48.08
3490	48.08
3491	48.08
3492	48.08
3493	48.08
3494	48.08
3495	48.08
3496	48.08
3497	48.08
3498	48.08
3499	48.08
3500	48.08
3501	48.08
3502	48.08
3503	48.08
3504	48.08
3505	48.08
3506	48.08
3507	48.08
3508	48.08
3509	48.08
3510	48.08
3511	48.08
3512	48.08
3513	48.08
3514	48.08
3515	48.08
3516	48.08
3517	48.08
3518	48.08
3519	48.08
3520	48.08
3521	48.08
3522	48.08
3523	48.08
3524	48.08
3525	48.08
3526	48.08
3527	48.08
3528	48.08
3529	48.08
3530	48.08
3531	48.08
3532	48.08
3533	48.08
3534	48.08
3535	48.08
3536	48.08
3537	48.08
3538	48.08
3539	48.08
3540	48.08
3541	48.08
3542	48.08
3543	48.08
3544	48.08
3545	48.08
3546	48.08
3547	48.08
3548	48.08
3549	48.08
3550	48.08
3551	48.08
3552	48.08
3553	48.08
3554	48.08
3555	48.08
3556	48.08
3557	48.08
3558	48.08
3559	48.08
3560	48.08
3561	48.08
3562	48.08
3563	48.08
3564	48.08
3565	48.08
3566	48.08
3567	48.08
3568	48.08
3569	48.08
3570	48.08
3571	48.08
3572	48.08
3573	48.08
3574	48.08
3575	48.08
3576	48.08
3577	48.08
3578	48.08
3579	48.08
3580	48.08
3581	48.08
3582	48.08
3583	48.08
3584	48.08
3585	48.08
3586	48.08
3587	48.08
3588	48.08
3589	48.08
3590	48.08
3591	48.08
3592	48.08
3593	48.08
3594	48.08
3595	48.08
3596	48.08
3597	48.08
3598	48.08
3599	48.08
3600	48.08
3601	48.08
3602	48.08
3603	48.08
3604	48.08
3605	48.08
3606	48.08
3607	48.08
3608	48.08
3609	48.08
3610	48.08
3611	48.08
3612	48.08
3613	48.08
3614	48.08
3615	48.08
3616	48.08
3617	48.08
3618	48.08
3619	48.08
3620	48.08
3621	48.08
3622	48.08
3623	48.08
3624	48.08
3625	48.08
3626	48.08
3627	48.08
3628	48.08
3629	48.08
3630	48.08
3631	48.08
3632	48.08
3633	48.08
3634	48.08
3635	48.08
3636	48.08
3637	48.08
3638	48.08
3639	48.08
3640	48.08
3641	48.08
3642	48.08
3643	48.08
3644	48.08
3645	48.08
3646	48.08
3647	48.08
3648	48.08
3649	48.08
3650	48.08
3651	48.08
3652	48.08
3653	48.08
3654	48.08
3655	48.08
3656	48.08
3657	48.08
3658	48.08
3659	48.08
3660	48.08
3661	48.08
3662	48.08
3663	48.08
3664	48.08
3665	48.08
3666	48.08
3667	48.08
3668	48.08
3669	48.08
3670	48.08
3671	48.08
3672	48.08
3673	48.08
3674	48.08
3675	48.08
3676	48.08
3677	48.08
3678	48.08
3679	48.08
3680	48.08
3681	48.08
3682	48.08
3683	48.08
3684	48.08
3685	48.08
3686	48.08
3687	48.08
3688	48.08
3689	48.08
3690	48.08
3691	48.08
3692	48.08
3693	48.08
3694	48.08
3695	48.08
3696	48.08
3697	48.08
3698	48.08
3699	48.08
3700	48.08
3701	48.08
3702	48.08
3703	48.08
3704	48.08
3705	48.08
3706	48.08
3707	48.08
3708	48.08
3709	48.08
3710	48.08
3711	48.08
3712	48.08
3713	48.08
3714	48.08
3715	48.08
3716	48.08
3717	48.08
3718	48.08
3719	48.08
3720	48.08
3721	48.08
3722	48.08
3723	48.08
3724	48.08
3725	48.08
3726	48.08
3727	48.08
3728	48.08
3729	48.08
3730	48.08
3731	48.08
3732	48.08
3733	48.08
3734	48.08
3735	48.08
3736	48.08
3737	48.08
3738	48.08
3739	48.08
3740	48.08
3741	48.08
3742	48.08
3743	48.08
3744	48.08
3745	48.08
3746	48.08
3747	48.08
3748	48.08
3749	48.08
3750	48.08
3751	48.08
3752	48.08
3753	48.08
3754	48.08
3755	48.08
3756	48.08
3757	48.08
3758	48.08
3759	48.08
3760	48.08
3761	48.08
3762	48.08
3763	48.08
3764	48.08
3765	48.08
3766	48.08
3767	48.08
3768	48.08
3769	48.08
3770	48.08
3771	48.08
3772	48.08
3773	48.08
3774	48.08
3775	48.08
3776	48.08
3777	48.08
3778	48.08
3779	48.08
3780	48.08
3781	48.08
3782	48.08
3783	48.08
3784	48.08
3785	48.08
3786	48.08
3787	48.08
3788	48.08
3789	48.08
3790	48.08
3791	48.08
3792	48.08
3793	48.08
3794	48.08
3795	48.08
3796	48.08
3797	48.08
3798	48.08
3799	48.08
3800	48.08
3801	48.08
3802	48.08
3803	48.08
3804	48.08
3805	48.08
3806	48.08
3807	48.08
3808	48.08
3809	48.08
3810	48.08
3811	48.08
3812	48.08
3813	48.08
3814	48.08
3815	48.08
3816	48.08
3817	48.08
3818	48.08
3819	48.08
3820	48.08
3821	48.08
3822	48.08
3823	48.08
3824	48.08
3825	48.08
3826	48.08
3827	48.08
3828	48.08
3829	48.08
3830	48.08
3831	48.08
3832	48.08
3833	48.08
3834	48.08
3835	48.08
3836	48.08
3837	48.08
3838	48.08
3839	48.08
3840	48.08
3841	48.08
3842	48.08
3843	48.08
3844	48.08
3845	48.08
3846	48.08
3847	48.08
3848	48.08
3849	48.08
3850	48.08
3851	48.08
3852	48.08
3853	48.08
3854	48.08
3855	48.08
3856	48.08
3857	48.08
3858	48.08
3859	48.08
3860	48.08
3861	48.08
3862	48.08
3863	48.08
3864	48.08
3865	48.08
3866	48.08
3867	48.08
3868	48.08
3869	48.08
3870	48.08
3871	48.08
3872	48.08
3873	48.08
3874	48.08
3875	48.08
3876	48.08
3877	48.08
3878	48.08
3879	48.08
3880	48.08
3881	48.08
3882	48.08
3883	48.08
3884	48.08
3885	48.08
3886	48.08
3887	48.08
3888	48.08
3889	48.08
3890	48.08
3891	48.08
3892	48.08
3893	48.08
3894	48.08
3895	48.08
3896	48.08
3897	48.08
3898	48.08
3899	48.08
3900	48.08
3901	48.08
3902	48.08
3903	48.08
3904	48.08
3905	48.08
3906	48.08
3907	48.08
3908	48.08
3909	48.08
3910	48.08
3911	48.08
3912	48.08
3913	48.08
3914	48.08
3915	48.08
3916	48.08
3917	48.08
3918	48.08
3919	48.08
3920	48.08
3921	48.08
3922	48.08
3923	48.08
3924	48.08
3925	48.08
3926	48.08
3927	48.08
3928	48.08
3929	48.08
3930	48.08
3931	48.08
3932	48.08
3933	48.08
3934	48.08
3935	48.08
3936	48.08
3937	48.08
3938	48.08
3939	48.08
3940	48.08
3941	48.08
3942	48.08
3943	48.08
3944	48.08
3945	48.08
3946	48.08
3947	48.08
3948	48.08
3949	48.08
3950	48.08
3951	48.08
3952	48.08
3953	48.08
3954	48.08
3955	48.08
3956	48.08
3957	48.08
3958	48.08
3959	48.08
3960	48.08
3961	48.08
3962	48.08
3963	48.08
3964	48.08
3965	48.08
3966	48.08
3967	48.08
3968	48.08
3969	48.08
3970	48.08
3971	48.08
3972	48.08
3973	48.08
3974	48.08
3975	48.08
3976	48.08
3977	48.08
3978	48.08
3979	48.08
3980	48.08
3981	48.08
3982	48.08
3983	48.08
3984	48.08
3985	48.08
3986	48.08
3987	48.08
3988	48.08
3989	48.08
3990	48.08
3991	48.08
3992	48.08
3993	48.08
3994	48.08
3995	48.08
3996	48.08
3997	48.08
3998	48.08
3999	48.08
4000	48.08
4001	48.08
4002	48.08
4003	48.08
4004	48.08
4005	48.08
4006	48.08
4007	48.08
4008	48.08
4009	48.08
4010	48.08
4011	48.08
4012	48.08
4013	48.08
4014	48.08
4015	48.08
4016	48.08
4017	48.08
4018	48.08
4019	48.08
4020	48.08
4021	48.08
4022	48.08
4023	48.08
4024	48.08
4025	48.08
4026	48.08
4027	48.08
4028	48.08
4029	48.08
4030	48.08
4031	48.08
4032	48.08
4033	48.08
4034	48.08
4035	48.08
4036	48.08
4037	48.08
4038	48.08
4039	48.08
4040	48.08
4041	48.08
4042	48.08
4043	48.08
4044	48.08
4045	48.08
4046	48.08
4047	48.08
4048	48.08
4049	48.08
4050	48.08
4051	48.08
4052	48.08
4053	48.08
4054	48.08
4055	48.08
4056	48.08
4057	48.08
4058	48.08
4059	48.08
4060	48.08
4061	48.08
4062	48.08
4063	48.08
4064	48.08
4065	48.08
4066	48.08
4067	48.08
4068	48.08
4069	48.08
4070	48.08
4071	48.08
4072	48.08
4073	48.08
4074	48.08
4075	48.08
4076	48.08
4077	48.08
4078	48.08
4079	48.08
4080	48.08
4081	48.08
4082	48.08
4083	48.08
4084	48.08
4085	48.08
4086	48.08
4087	48.08
4088	48.08
4089	48.08
4090	48.08
4091	48.08
4092	48.08
4093	48.08
4094	48.08
4095	48.08
4096	48.08
4097	48.08
4098	48.08
4099	48.08
4100	48.08
4101	48.08
4102	48.08
4103	48.08
4104	48.08
4105	48.08
4106	48.08
4107	48.08
4108	48.08
4109	48.08
4110	48.08
4111	48.08
4112	48.08
4113	48.08
4114	48.08
4115	48.08
4116	48.08
4117	48.08
4118	48.08
4119	48.08
4120	48.08
4121	48.08
4122	48.08
4123	48.08
4124	48.08
4125	48.08
4126	48.08
4127	48.08
4128	48.08
4129	48.08
4130	48.08
4131	48.08
4132	48.08
4133	48.08
4134	48.08
4135	48.08
4136	48.08
4137	48.08
4138	48.08
4139	48.08
4140	48.08
4141	48.08
4142	48.08
4143	48.08
4144	48.08
4145	48.08
4146	48.08
4147	48.08
4148	48.08
4149	48.08
4150	48.08
4151	48.08
4152	48.08
4153	48.08
4154	48.08
4155	48.08
4156	48.08
4157	48.08
4158	48.08
4159	48.08
4160	48.08
4161	48.08
4162	48.08
4163	48.08
4164	48.08
4165	48.08
4166	48.08
4167	48.08
4168	48.08
4169	48.08
4170	48.08
4171	48.08
4172	48.08
4173	48.08
4174	48.08
4175	48.08
4176	48.08
4177	48.08
4178	48.08
4179	48.08
4180	48.08
4181	48.08
4182	48.08
4183	48.08
4184	48.08
4185	48.08
4186	48.08
4187	48.08
4188	48.08
4189	48.08
4190	48.08
4191	48.08
4192	48.08
4193	48.08
4194	48.08
4195	48.08
4196	48.08
4197	48.08
4198	48.08
4199	48.08
4200	48.08
4201	48.08
4202	48.08
4203	48.08
4204	48.08
4205	48.08
4206	48.08
4207	48.08
4208	48.08
4209	48.08
4210	48.08
4211	48.08
4212	48.08
4213	48.08
4214	48.08
4215	48.08
4216	48.08
4217	48.08
4218	48.08
4219	48.08
4220	48.08
4221	48.08
4222	48.08
4223	48.08
4224	48.08
4225	48.08
4226	48.08
4227	48.08
4228	48.08
4229	48.08
4230	48.08
4231	48.08
4232	48.08
4233	48.08
4234	48.08
4235	48.08
4236	48.08
4237	48.08
4238	48.08
4239	48.08
4240	48.08
4241	48.08
4242	48.08
4243	48.08
4244	48.08
4245	48.08
4246	48.08
4247	48.08
4248	48.08
4249	48.08
4250	48.08
4251	48.08
4252	48.08
4253	48.08
4254	48.08
4255	48.08
4256	48.08
4257	48.08
4258	48.08
4259	48.08
4260	48.08
4261	48.08
4262	48.08
4263	48.08
4264	48.08
4265	48.08
4266	48.08
4267	48.08
4268	48.08
4269	48.08
4270	48.08
4271	48.08
4272	48.08
4273	48.08
4274	48.08
4275	48.08
4276	48.08
4277	48.08
4278	48.08
4279	48.08
4280	48.08
4281	48.08
4282	48.08
4283	48.08
4284	48.08
4285	48.08
4286	48.08
4287	48.08
4288	48.08
4289	48.08
4290	48.08
4291	48.08
4292	48.08
4293	48.08
4294	48.08
4295	48.08
4296	48.08
4297	48.08
4298	48.08
4299	48.08
4300	48.08
4301	48.08
4302	48.08
4303	48.08
4304	48.08
4305	48.08
4306	48.08
4307	48.08
4308	48.08
4309	48.08
4310	48.08
4311	48.08
4312	48.08
4313	48.08
4314	48.08
4315	48.08
4316	48.08
4317	48.08
4318	48.08
4319	48.08
4320	48.08
4321	48.08
4322	48.08
4323	48.08
4324	48.08
4325	48.08
4326	48.08
4327	48.08
4328	48.08
4329	48.08
4330	48.08
4331	48.08
4332	48.08
4333	48.08
4334	48.08
4335	48.08
4336	48.08
4337	48.08
4338	48.08
4339	48.08
4340	48.08
4341	48.08
4342	48.08
4343	48.08
4344	48.08
4345	48.08
4346	48.08
4347	48.08
4348	48.08
4349	48.08
4350	48.08
4351	48.08
4352	48.08
4353	48.08
4354	48.08
4355	48.08
4356	48.08
4357	48.08
4358	48.08
4359	48.08
4360	48.08
4361	48.08
4362	48.08
4363	48.08
4364	48.08
4365	48.08
4366	48.08
4367	48.08
4368	48.08
4369	48.08
4370	48.08
4371	48.08
4372	48.08
4373	48.08
4374	48.08
4375	48.08
4376	48.08
4377	48.08
4378	48.08
4379	48.08
4380	48.08
4381	48.08
4382	48.08
4383	48.08
4384	48.08
4385	48.08
4386	48.08
4387	48.08
4388	48.08
4389	48.08
4390	48.08
4391	48.08
4392	48.08
4393	48.08
4394	48.08
4395	48.08
4396	48.08
4397	48.08
4398	48.08
4399	48.08
4400	48.08
4401	48.08
4402	48.08
4403	48.08
4404	48.08
4405	48.08
4406	48.08
4407	48.08
4408	48.08
4409	48.08
4410	48.08
4411	48.08
4412	48.08
4413	48.08
4414	48.08
4415	48.08
4416	48.08
4417	48.08
4418	48.08
4419	48.08
4420	48.08
4421	48.08
4422	48.08
4423	48.08
4424	48.08
4425	48.08
4426	48.08
4427	48.08
4428	48.08
4429	48.08
4430	48.08
4431	48.08
4432	48.08
4433	48.08
4434	48.08
4435	48.08
4436	48.08
4437	48.08
4438	48.08
4439	48.08
4440	48.08
4441	48.08
4442	48.08
4443	48.08
4444	48.08
4445	48.08
4446	48.08
4447	48.08
4448	48.08
4449	48.08
4450	48.08
4451	48.08
4452	48.08
4453	48.08
4454	48.08
4455	48.08
4456	48.08
4457	48.08
4458	48.08
4459	48.08
4460	48.08
4461	48.08
4462	48.08
4463	48.08
4464	48.08
4465	48.08
4466	48.08
4467	48.08
4468	48.08
4469	48.08
4470	48.08
4471	48.08
4472	48.08
4473	48.08
4474	48.08
4475	48.08
4476	48.08
4477	48.08
4478	48.08
4479	48.08
4480	48.08
4481	48.08
4482	48.08
4483	48.08
4484	48.08
4485	48.08
4486	48.08
4487	48.08
4488	48.08
4489	48.08
4490	48.08
4491	48.08
4492	48.08
4493	48.08
4494	48.08
4495	48.08
4496	48.08
4497	48.08
4498	48.08
4499	48.08
4500	48.08
4501	48.08
4502	48.08
4503	48.08
4504	48.08
4505	48.08
4506	48.08
4507	48.08
4508	48.08
4509	48.08
4510	48.08
4511	48.08
4512	48.08
4513	48.08
4514	48.08
4515	48.08
4516	48.08
4517	48.08
4518	48.08
4519	48.08
4520	48.08
4521	48.08
4522	48.08
4523	48.08
4524	48.08
4525	48.08
4526	48.08
4527	48.08
4528	48.08
4529	48.08
4530	48.08
4531	48.08
4532	48.08
4533	48.08
4534	48.08
4535	48.08
4536	48.08
4537	48.08
4538	48.08
4539	48.08
4540	48.08
4541	48.08
4542	48.08
4543	48.08
4544	48.08
4545	48.08
4546	48.08
4547	48.08
4548	48.08
4549	48.08
4550	48.08
4551	48.08
4552	48.08
4553	48.08
4554	48.08
4555	48.08
4556	48.08
4557	48.08
4558	48.08
4559	48.08
4560	48.08
4561	48.08
4562	48.08
4563	48.08
4564	48.08
4565	48.08
4566	48.08
4567	48.08
4568	48.08
4569	48.08
4570	48.08
4571	48.08
4572	48.08
4573	48.08
4574	48.08
4575	48.08
4576	48.08
4577	48.08
4578	48.08
4579	48.08
4580	48.08
4581	48.08
4582	48.08
4583	48.08
4584	48.08
4585	48.08
4586	48.08
4587	48.08
4588	48.08
4589	48.08
4590	48.08
4591	48.08
4592	48.08
4593	48.08
4594	48.08
4595	48.08
4596	48.08
4597	48.08
4598	48.08
4599	48.08
4600	48.08
4601	48.08
4602	48.08
4603	48.08
4604	48.08
4605	48.08
4606	48.08
4607	48.08
4608	48.08
4609	48.08
4610	48.08
4611	48.08
4612	48.08
4613	48.08
4614	48.08
4615	48.08
4616	48.08
4617	48.08
4618	48.08
4619	48.08
4620	48.08
4621	48.08
4622	48.08
4623	48.08
4624	48.08
4625	48.08
4626	48.08
4627	48.08
4628	48.08
4629	48.08
4630	48.08
4631	48.08
4632	48.08
4633	48.08
4634	48.08
4635	48.08
4636	48.08
4637	48.08
4638	48.08
4639	48.08
4640	48.08
4641	48.08
4642	48.08
4643	48.08
4644	48.08
4645	48.08
4646	48.08
4647	48.08
4648	48.08
4649	48.08
4650	48.08
4651	48.08
4652	48.08
4653	48.08
4654	48.08
4655	48.08
4656	48.08
4657	48.08
4658	48.08
4659	48.08
4660	48.08
4661	48.08
4662	48.08
4663	48.08
4664	48.08
4665	48.08
4666	48.08
4667	48.08
4668	48.08
4669	48.08
4670	48.08
4671	48.08
4672	48.08
4673	48.08
4674	48.08
4675	48.08
4676	48.08
4677	48.08
4678	48.08
4679	48.08
4680	48.08
4681	48.08
4682	48.08
4683	48.08
4684	48.08
4685	48.08
4686	48.08
4687	48.08
4688	48.08
4689	48.08
4690	48.08
4691	48.08
4692	48.08
4693	48.08
4694	48.08
4695	48.08
4696	48.08
4697	48.08
4698	48.08
4699	48.08
4700	48.08
4701	48.08
4702	48.08
4703	48.08
4704	48.08
4705	48.08
4706	48.08
4707	48.08
4708	48.08
4709	48.08
4710	48.08
4711	48.08
4712	48.08
4713	48.08
4714	48.08
4715	48.08
4716	48.08
4717	48.08
4718	48.08
4719	48.08
4720	48.08
4721	48.08
4722	48.08
4723	48.08
4724	48.08
4725	48.08
4726	48.08
4727	48.08
4728	48.08
4729	48.08
4730	48.08
4731	48.08
4732	48.08
4733	48.08
4734	48.08
4735	48.08
4736	48.08
4737	48.08
4738	48.08
4739	48.08
4740	48.08
4741	48.08
4742	48.08
4743	48.08
4744	48.08
4745	48.08
4746	48.08
4747	48.08
4748	48.08
4749	48.08
4750	48.08
4751	48.08
4752	48.08
4753	48.08
4754	48.08
4755	48.08
4756	48.08
4757	48.08
4758	48.08
4759	48.08
4760	48.08
4761	48.08
4762	48.08
4763	48.08
4764	48.08
4765	48.08
4766	48.08
4767	48.08
4768	48.08
4769	48.08
4770	48.08
4771	48.08
4772	48.08
4773	48.08
4774	48.08
4775	48.08
4776	48.08
4777	48.08
4778	48.08
4779	48.08
4780	48.08
4781	48.08
4782	48.08
4783	48.08
4784	48.08
4785	48.08
4786	48.08
4787	48.08
4788	48.08
4789	48.08
4790	48.08
4791	48.08
4792	48.08
4793	48.08
4794	48.08
4795	48.08
4796	48.08
4797	48.08
4798	48.08
4799	48.08
4800	48.08
4801	48.08
4802	48.08
4803	48.08
4804	48.08
4805	48.08
4806	48.08
4807	48.08
4808	48.08
4809	48.08
4810	48.08
4811	48.08
4812	48.08
4813	48.08
4814	48.08
4815	48.08
4816	48.08
4817	48.08
4818	48.08
4819	48.08
4820	48.08
4821	48.08
4822	48.08
4823	48.08
4824	48.08
4825	48.08
4826	48.08
4827	48.08
4828	48.08
4829	48.08
4830	48.08
4831	48.08
4832	48.08
4833	48.08
4834	48.08
4835	48.08
4836	48.08
4837	48.08
4838	48.08
4839	48.08
4840	48.08
4841	48.08
4842	48.08
4843	48.08
4844	48.08
4845	48.08
4846	48.08
4847	48.08
4848	48.08
4849	48.08
4850	48.08
4851	48.08
4852	48.08
4853	48.08
4854	48.08
4855	48.08
4856	48.08
4857	48.08
4858	48.08
4859	48.08
4860	48.08
4861	48.08
4862	48.08
4863	48.08
4864	48.08
4865	48.08
4866	48.08
4867	48.08
4868	48.08
4869	48.08
4870	48.08
4871	48.08
4872	48.08
4873	48.08
4874	48.08
4875	48.08
4876	48.08
4877	48.08
4878	48.08
4879	48.08
4880	48.08
4881	48.08
4882	48.08
4883	48.08
4884	48.08
4885	48.08
4886	48.08
4887	48.08
4888	48.08
4889	48.08
4890	48.08
4891	48.08
4892	48.08
4893	48.08
4894	48.08
4895	48.08
4896	48.08
4897	48.08
4898	48.08
4899	48.08
4900	48.08
4901	48.08
4902	48.08
4903	48.08
4904	48.08
4905	48.08
4906	48.08
4907	48.08
4908	48.08
4909	48.08
4910	48.08
4911	48.08
4912	48.08
4913	48.08
4914	48.08
4915	48.08
4916	48.08
4917	48.08
4918	48.08
4919	48.08
4920	48.08
4921	48.08
4922	48.08
4923	48.08
4924	48.08
4925	48.08
4926	48.08
4927	48.08
4928	48.08
4929	48.08
4930	48.08
4931	48.08
4932	48.08
4933	48.08
4934	48.08
4935	48.08
4936	48.08
4937	48.08
4938	48.08
4939	48.08
4940	48.08
4941	48.08
4942	48.08
4943	48.08
4944	48.08
4945	48.08
4946	48.08
4947	48.08
4948	48.08
4949	48.08
4950	48.08
4951	48.08
4952	48.08
4953	48.08
4954	48.08
4955	48.08
4956	48.08
4957	48.08
4958	48.08
4959	48.08
4960	48.08
4961	48.08
4962	48.08
4963	48.08
4964	48.08
4965	48.08
4966	48.08
4967	48.08
4968	48.08
4969	48.08
4970	48.08
4971	48.08
4972	48.08
4973	48.08
4974	48.08
4975	48.08
4976	48.08
4977	48.08
4978	48.08
4979	48.08
4980	48.08
4981	48.08
4982	48.08
4983	48.08
4984	48.08
4985	48.08
4986	48.08
4987	48.08
4988	48.08
4989	48.08
4990	48.08
4991	48.08
4992	48.08
4993	48.08
4994	48.08
4995	48.08
4996	48.08
4997	48.08
4998	48.08
4999	48.08
5000	48.08
5001	48.08
5002	48.08
5003	48.08
5004	48.08
5005	48.08
5006	48.08
5007	48.08
5008	48.08
5009	48.08
5010	48.08
5011	48.08
5012	48.08
5013	48.08
5014	48.08
5015	48.08
5016	48.08
5017	48.08
5018	48.08
5019	48.08
5020	48.08
5021	48.08
5022	48.08
5023	48.08
5024	48.08
5025	48.08
5026	48.08
5027	48.08
5028	48.08
5029	48.08
5030	48.08
5031	48.08
5032	48.08
5033	48.08
5034	48.08
5035	48.08
5036	48.08
5037	48.08
5038	48.08
5039	48.08
5040	48.08
5041	48.08
5042	48.08
5043	48.08
5044	48.08
5045	48.08
5046	48.08
5047	48.08
5048	48.08
5049	48.08
5050	48.08
5051	48.08
5052	48.08
5053	48.08
5054	48.08
5055	48.08
5056	48.08
5057	48.08
5058	48.08
5059	48.08
5060	48.08
5061	48.08
5062	48.08
5063	48.08
5064	48.08
5065	48.08
5066	48.08
5067	48.08
5068	48.08
5069	48.08
5070	48.08
5071	48.08
5072	48.08
5073	48.08
5074	48.08
5075	48.08
5076	48.08
5077	48.08
5078	48.08
5079	48.08
5080	48.08
5081	48.08
5082	48.08
5083	48.08
5084	48.08
5085	48.08
5086	48.08
5087	48.08
5088	48.08
5089	48.08
5090	48.08
5091	48.08
5092	48.08
5093	48.08
5094	48.08
5095	48.08
5096	48.08
5097	48.08
5098	48.08
5099	48.08
5100	48.08
5101	48.08
5102	48.08
5103	48.08
5104	48.08
5105	48.08
5106	48.08
5107	48.08
5108	48.08
5109	48.08
5110	48.08
5111	48.08
5112	48.08
5113	48.08
5114	48.08
5115	48.08
5116	48.08
5117	48.08
5118	48.08
5119	48.08
5120	48.08
5121	48.08
5122	48.08
5123	48.08
5124	48.08
5125	48.08
5126	48.08
5127	48.08
5128	48.08
5129	48.08
5130	48.08
5131	48.08
5132	48.08
5133	48.08
5134	48.08
5135	48.08
5136	48.08
5137	48.08
5138	48.08
5139	48.08
5140	48.08
5141	48.08
5142	48.08
5143	48.08
5144	48.08
5145	48.08
5146	48.08
5147	48.08
5148	48.08
5149	48.08
5150	48.08
5151	48.08
5152	48.08
5153	48.08
5154	48.08
5155	48.08
5156	48.08
5157	48.08
5158	48.08
5159	48.08
5160	48.08
5161	48.08
5162	48.08
5163	48.08
5164	48.08
5165	48.08
5166	48.08
5167	48.08
5168	48.08
5169	48.08
5170	48.08
5171	48.08
5172	48.08
5173	48.08
5174	48.08
5175	48.08
5176	48.08
5177	48.08
5178	48.08
5179	48.08
5180	48.08
5181	48.08
5182	48.08
5183	48.08
5184	48.08
5185	48.08
5186	48.08
5187	48.08
5188	48.08
5189	48.08
5190	48.08
5191	48.08
5192	48.08
5193	48.08
5194	48.08
5195	48.08
5196	48.08
5197	48.08
5198	48.08
5199	48.08
5200	48.08
5201	48.08
5202	48.08
5203	48.08
5204	48.08
5205	48.08
5206	48.08
5207	48.08
5208	48.08
5209	48.08
5210	48.08
5211	48.08
5212	48.08
5213	48.08
5214	48.08
5215	48.08
5216	48.08
5217	48.08
5218	48.08
5219	48.08
5220	48.08
5221	48.08
5222	48.08
5223	48.08
5224	48.08
5225	48.08
5226	48.08
5227	48.08
5228	48.08
5229	48.08
5230	48.08
5231	48.08
5232	48.08
5233	48.08
5234	48.08
5235	48.08
5236	48.08
5237	48.08
5238	48.08
5239	48.08
5240	48.08
5241	48.08
5242	48.08
5243	48.08
5244	48.08
5245	48.08
5246	48.08
5247	48.08
5248	48.08
5249	48.08
5250	48.08
5251	48.08
5252	48.08
5253	48.08
5254	48.08
5255	48.08
5256	48.08
5257	48.08
5258	48.08
5259	48.08
5260	48.08
5261	48.08
5262	48.08
5263	48.08
5264	48.08
5265	48.08
5266	48.08
5267	48.08
5268	48.08
5269	48.08
5270	48.08
5271	48.08
5272	48.08
5273	48.08
5274	48.08
5275	48.08
5276	48.08
5277	48.08
5278	48.08
5279	48.08
5280	48.08
5281	48.08
5282	48.08
5283	48.08
5284	48.08
5285	48.08
5286	48.08
5287	48.08
5288	48.08
5289	48.08
5290	48.08
5291	48.08
5292	48.08
5293	48.08
5294	48.08
5295	48.08
5296	48.08
5297	48.08
5298	48.08
5299	48.08
5300	48.08
5301	48.08
5302	48.08
5303	48.08
5304	48.08
5305	48.08
5306	48.08
5307	48.08
5308	48.08
5309	48.08
5310	48.08
5311	48.08
5312	48.08
5313	48.08
5314	48.08
5315	48.08
5316	48.08
5317	48.08
5318	48.08
5319	48.08
5320	48.08
5321	48.08
5322	48.08
5323	48.08
5324	48.08
5325	48.08
5326	48.08
5327	48.08
5328	48.08
5329	48.08
5330	48.08
5331	48.08
5332	48.08
5333	48.08
5334	48.08
5335	48.08
5336	48.08
5337	48.08
5338	48.08
5339	48.08
5340	48.08
5341	48.08
5342	48.08
5343	48.08
5344	48.08
5345	48.08
5346	48.08
5347	48.08
5348	48.08
5349	48.08
5350	48.08
5351	48.08
5352	48.08
5353	48.08
5354	48.08
5355	48.08
5356	48.08
5357	48.08
5358	48.08
5359	48.08
5360	48.08
5361	48.08
5362	48.08
5363	48.08
5364	48.08
5365	48.08
5366	48.08
5367	48.08
5368	48.08
5369	48.08
5370	48.08
5371	48.08
5372	48.08
5373	48.08
5374	48.08
5375	48.08
5376	48.08
5377	48.08
5378	48.08
5379	48.08
5380	48.08
5381	48.08
5382	48.08
5383	48.08
5384	48.08
5385	48.08
5386	48.08
5387	48.08
5388	48.08
5389	48.08
5390	48.08
5391	48.08
5392	48.08
5393	48.08
5394	48.08
5395	48.08
5396	48.08
5397	48.08
5398	48.08
5399	48.08
5400	48.08
